??	??	??	??????	??1?id	??2?id	??3?id	??1???	??2???	??3???	??????	??id	????	????????id	????????	unknown01	unknown02	??????	????	unknown03	????	unknown04	unknown05
1	???	?????????????????*2??????*1	2	701	712	0	2	1	0	1000	1201	1	1201	2	2	3	100	40	0	1	0	0
2	????	??????????????????*2???*1	6	701	736	0	2	1	0	1000	1202	1	1202	2	3	4	100	60	0	1	0	0
3	????	?????????????????*2???*2	2	702	716	0	2	2	0	1000	1203	1	1203	2	2	3	100	40	0	1	0	0
4	????	?????????????????*2???*1	5	702	729	0	2	1	0	1000	1204	1	1204	2	3	4	100	60	0	1	0	0
5	?????	???????????????*2???*2	2	703	716	0	2	2	0	1000	1205	1	1205	2	2	3	100	40	0	1	0	0
6	???	?????????????*2??????*2	5	703	712	0	2	2	0	1000	1206	1	1206	2	3	4	100	60	0	1	0	0
7	????	??????????????*2???*2	2	704	716	0	2	2	0	1000	1207	1	1207	2	2	3	100	40	0	1	0	0
8	????	??????????????*2???*1	6	704	733	0	2	1	0	1000	1208	1	1208	2	3	4	100	60	0	1	0	0
9	???	???????????????*2???*3	1	705	716	0	2	3	0	1000	1209	1	1209	2	1	2	100	20	0	1	0	0
10	?????	?????????????????*2???*1	5	705	734	0	2	1	0	1000	1210	1	1210	2	3	4	100	60	0	1	0	0
11	???	????????????????*2???*3	4	707	716	0	2	3	0	1000	1211	1	1211	2	2	3	100	40	0	1	0	0
12	???	????????????????*2???*1	7	707	730	0	2	1	0	1000	1212	1	1212	2	3	4	100	60	0	1	0	0
13	????	?????????????????*2??????*1	4	708	715	0	2	1	0	1000	1213	1	1213	2	2	3	100	40	0	1	0	0
14	???	????????????????*3???*6	7	708	736	0	3	6	0	1000	1214	1	1214	2	3	4	100	60	0	1	0	0
15	?????	??????????????????*2???*2	4	707	718	0	2	2	0	1000	1215	1	1215	2	2	3	100	40	0	1	0	0
16	??	???????????????*2???*3	8	707	740	0	2	3	0	1000	1216	1	1216	2	3	4	100	60	0	1	0	0
17	???	?????????????*1???*1	1	709	716	0	1	1	0	1000	1217	1	1217	2	1	2	200	3	0	1	0	0
18	???	?????????????*1???*1	3	709	716	0	1	1	0	1000	1231	1	1231	2	2	3	200	6	0	1	0	0
19	???	????????????????*1???*1	2	710	716	0	1	1	0	1000	1219	1	1219	2	2	3	200	6	0	1	0	0
20	????	?????????????????*1???*1	6	710	716	0	1	1	0	1000	1220	1	1220	2	2	3	200	6	0	1	0	0
21	???????	???????????????????*5?????*1	4	1932	818	0	5	1	0	100	1901	1	1902	1	10	11	0	150	0	3	0	0
22	???????	???????????????????*10??????*1???*10	11	1932	819	1811	10	1	10	0	1902	1	1902	1	15	16	0	250	0	3	0	0
23	??????	?????????????????*10?????*1	6	1931	818	0	10	1	0	100	1903	1	1904	1	10	11	0	150	0	3	0	0
24	??????	?????????????????*20??????*1???*10	11	1931	819	1811	20	1	10	0	1904	1	1904	1	15	16	0	250	0	3	0	0
25	??????	?????????????????*3??????*1	3	1931	817	0	3	1	0	100	1905	1	1906	1	10	11	0	150	0	3	0	0
26	????	???????????????*8?????*1????*3	5	1931	818	1810	8	1	3	0	1906	1	1906	1	10	11	0	150	0	3	0	0
27	??????	??????????????????*1??????*1	2	1932	817	0	1	1	0	100	1907	1	1908	1	2	3	0	10	0	3	0	0
28	????	????????????????*3?????*1???*1	5	1932	818	1811	3	1	1	0	1908	1	1908	1	10	11	0	150	0	3	0	0
29	??????	??????????????????*2??????*1	4	1932	817	0	2	1	0	100	1909	1	1910	1	8	9	0	110	0	3	0	0
30	????	????????????????*5?????*1????*3	6	1932	818	1810	5	1	3	0	1910	1	1910	1	15	16	0	250	0	3	0	0
31	???????	???????????????????*5?????*1	4	1932	818	0	5	1	0	100	1911	1	1912	1	10	11	0	150	0	3	0	0
32	???????	???????????????????*10??????*1???*10	7	1932	819	1811	10	1	10	0	1912	1	1912	1	15	16	0	250	0	3	0	0
33	??????	?????????????????*3??????*1	5	1933	817	0	3	1	0	100	1913	1	1914	1	10	11	0	150	0	3	0	0
34	????	???????????????*5?????*1???*5	8	1933	818	1811	5	1	5	0	1914	1	1914	1	15	16	0	250	0	3	0	0
35	??????	?????????????????*3??????*1	6	1933	817	0	3	1	0	100	1915	1	1916	1	10	11	0	150	0	3	0	0
36	????	???????????????*5?????*1???*5	10	1933	818	1811	5	1	5	0	1916	1	1916	1	15	16	0	250	0	3	0	0
37	?????	????????????????*5?????*1	5	1933	818	0	5	1	0	100	1917	1	1918	1	15	16	0	250	0	3	0	0
38	???	??????????????*10??????*1????*5	12	1933	819	1812	10	1	5	0	1918	1	1918	1	15	16	0	250	0	3	0	0
39	?????	????????????????*4??????*4	5	1933	817	0	4	4	0	100	1919	1	1920	1	15	16	0	250	0	3	0	1
40	???	??????????????*5?????*2????*6	8	1933	818	1810	5	2	6	0	1920	1	1920	1	15	16	0	250	0	3	0	1
41	?????	????????????????*10??????*1	10	1934	817	0	10	1	0	100	1921	1	1922	1	15	16	0	250	0	3	0	0
42	???	??????????????*15?????*1????*10	15	1934	818	1812	15	1	10	0	1922	1	1922	1	20	21	0	350	0	3	0	0
43	?????	????????????????*5??????*1	9	1934	817	0	5	1	0	100	1923	1	1924	1	10	11	0	150	0	3	0	0
44	???	??????????????*10?????*1????*10	14	1934	818	1812	10	1	10	0	1924	1	1924	1	25	26	0	450	0	3	0	0
45	??????	?????????????????*5??????*1	12	1935	817	0	5	1	0	100	1925	1	1926	1	15	16	0	250	0	3	0	1
46	????	???????????????*10?????*1????*10	16	1935	818	1812	10	1	10	0	1926	1	1926	1	25	26	0	450	0	3	0	1
47	??????	?????????????????*10??????*1	13	1935	817	0	10	1	0	100	1927	1	1928	1	20	21	0	350	0	3	0	0
48	????	???????????????*15?????*1????*10	17	1935	818	1812	15	1	10	0	1928	1	1928	1	25	26	0	450	0	3	0	1
49	?????	?????????????????*8??????*1	7	1932	817	0	8	1	0	100	1929	1	1930	1	3	4	0	30	0	3	0	0
50	???	??????????????*2?????*1????*2	12	1935	818	1812	2	1	2	0	1930	1	1930	1	10	11	0	250	0	3	0	1
51	???	??????????????*2????*1	1	801	809	0	2	1	0	100	1931	1	1932	1	1	2	0	5	0	3	0	0
52	????	???????????????*2????*2	2	802	809	0	2	2	0	100	1932	1	1933	1	2	3	0	10	0	3	0	0
53	???	??????????????*2????*2	5	803	810	0	2	2	0	100	1933	1	1934	1	3	4	0	15	0	3	0	0
54	???	??????????????*2????*4	8	804	810	0	2	4	0	100	1934	1	1935	1	3	4	0	15	0	3	0	0
55	???	??????????????*2????*4	12	805	820	0	2	4	0	0	1935	1	1935	1	4	5	0	20	0	3	0	0
56	??????	?????????????????*1????*1???*4	2	1810	806	814	1	1	4	100	1801	1	1802	1	4	5	0	80	0	2	0	0
57	??????	????????????????*1????*1???*4	5	1811	806	814	1	1	4	100	1802	1	1803	1	6	7	0	120	0	2	0	0
58	??????	?????????????????*2????*1???*5	8	1812	807	815	2	1	5	100	1803	1	1804	1	8	9	0	160	0	2	0	0
59	??????	?????????????????*4????*2????*5	12	1814	837	816	4	2	5	100	1804	1	1805	1	10	11	0	200	0	2	837	0
60	??????	?????????????????*2????*1????*6	18	1814	808	816	2	1	6	0	1805	1	1805	1	15	16	0	300	0	2	0	1
61	??????	?????????????????*2????*2	3	802	809	0	2	2	0	100	1806	1	1807	1	2	3	0	10	0	2	0	0
62	??????	?????????????????*2????*2	5	803	810	0	2	2	0	100	1807	1	1808	1	3	4	0	15	0	2	0	0
63	??????	?????????????????*1????*1????*1	6	1931	809	1810	1	1	1	100	1808	1	1809	1	3	4	0	15	0	2	0	0
64	??????	??????????????????*1????*1???*1	10	1932	810	1811	1	1	1	100	1809	1	1819	1	3	4	0	20	0	2	0	0
65	???	??????????????*2???*2	1	801	811	0	2	2	0	100	1810	1	1811	1	1	2	0	5	0	2	0	0
66	??	?????????????*2???*4	4	802	811	0	2	4	0	100	1811	1	1812	1	2	3	0	10	0	2	0	0
67	???	??????????????*2???*2	7	803	812	0	2	2	0	100	1812	1	1813	1	3	4	0	15	0	2	0	0
68	???	??????????????*5???*4	9	804	812	0	5	4	0	100	1813	1	1814	1	4	5	0	20	0	2	0	0
69	???	??????????????*5????*4	11	805	813	0	5	4	0	0	1814	1	1814	1	4	5	0	20	0	2	0	0
70	??????	?????????????????*1????*1	1	802	809	0	1	1	0	100	1815	1	1806	1	1	2	0	5	0	2	0	0
71	??????	?????????????????*3??????*1	2	1931	817	0	3	1	0	100	1936	1	1903	1	3	4	0	60	0	3	0	0
72	???	??????????????*1???*1	5	1217	716	0	1	1	0	1000	1227	1	1227	2	3	4	0	2	0	1	0	1
73	???	??????????????*1?????*1	6	1209	714	0	1	1	0	1000	1228	1	1228	2	3	4	0	50	0	1	0	1
74	???	???????????????*2???*3	10	705	739	0	2	3	0	1000	1229	1	1229	2	4	5	100	80	0	1	0	1
75	???	????????????????*2???*5	12	707	741	0	2	5	0	1000	1230	1	1230	2	4	5	100	80	0	1	0	1
76	??	??????????????*1???*1	8	705	730	0	1	1	0	1000	1218	1	1218	2	3	4	200	9	0	1	0	0
77	???	???????????????*1???*1	11	705	737	0	1	1	0	1000	1232	1	1232	2	4	5	200	12	0	1	0	0
78	???	?????????????*1???*1	14	709	734	0	1	1	0	1000	1233	1	1233	2	5	6	200	15	0	1	0	1
79	?????	?????????????????*1???*1	17	705	739	0	1	1	0	1000	1234	1	1234	2	6	7	200	18	0	1	0	1
80	???	????????????????*1???*1	9	707	735	0	1	1	0	1000	1235	1	1235	2	3	4	200	9	0	1	0	0
81	???	????????????????*1???*1	13	707	738	0	1	1	0	1000	1236	1	1236	2	5	6	200	15	0	1	0	0
82	???	????????????????*1???*1	15	707	732	0	1	1	0	1000	1237	1	1237	2	5	6	200	15	0	1	0	1
83	???	????????????????*1???*1	18	707	740	0	1	1	0	1000	1238	1	1238	2	6	7	200	18	0	1	0	1
84	??????	??10????????????*5???*5??????*1	4	709	716	1816	5	5	1	1000	1217	10	1217	13	10	11	150	20	0	1	0	0
85	??????	??10????????????*5???*5??????*1	6	709	716	1816	5	5	1	1000	1231	10	1231	13	10	11	150	40	0	1	0	0
86	?????	??10?????????????*5???*5??????*1	10	705	730	1817	5	5	1	1000	1218	10	1218	13	12	13	150	55	0	1	0	0
87	??????	??10??????????????*5???*5??????*1	13	705	737	1817	5	5	1	1000	1232	10	1232	13	15	16	150	75	0	1	0	0
88	??????	??10????????????*5???*5??????*1	16	709	734	1818	5	5	1	1000	1233	10	1233	13	20	21	150	90	0	1	0	0
89	????????	??10????????????????*5???*5??????*1	19	705	739	1818	5	5	1	1000	1234	10	1234	13	25	26	150	105	0	1	0	1
90	??????	??10???????????????*5???*5??????*1	5	710	716	1937	5	5	1	1000	1219	10	1219	13	10	11	150	40	0	1	0	0
91	???????	??10????????????????*5???*5??????*1	8	710	716	1937	5	5	1	1000	1220	10	1220	13	10	11	150	40	0	1	0	0
92	??????	??10???????????????*5???*5??????*1	12	707	735	1938	5	5	1	1000	1235	10	1235	13	12	13	150	55	0	1	0	0
93	??????	??10???????????????*5???*5??????*1	15	707	738	1938	5	5	1	1000	1236	10	1236	13	12	13	150	55	0	1	0	0
94	??????	??10???????????????*5???*5??????*1	17	707	732	1939	5	5	1	1000	1237	10	1237	13	25	26	150	105	0	1	0	0
95	??????	??10???????????????*5???*5??????*1	20	707	740	1939	5	5	1	1000	1238	10	1238	13	25	26	150	105	0	1	0	1
96	?????	????????????????*1???*1	2	801	811	0	1	1	0	100	1816	1	1816	2	2	3	0	10	0	2	0	0
97	?????	????????????????*1???*1	7	803	811	0	1	1	0	100	1817	1	1817	2	3	4	0	15	0	2	0	0
98	?????	????????????????*1???*1	11	804	811	0	1	1	0	0	1818	1	1818	2	4	5	0	20	0	2	0	1
99	?????	????????????????*1???*1	3	801	811	0	1	1	0	100	1937	1	1937	2	2	3	0	10	0	3	0	0
100	?????	????????????????*1???*1	6	803	811	0	1	1	0	100	1938	1	1938	2	3	4	0	15	0	3	0	0
101	?????	????????????????*1???*1	11	804	811	0	1	1	0	0	1939	1	1939	2	4	5	0	20	0	3	0	1
102	??????	?????????????????*2????*1	1	1931	1810	0	2	1	0	100	1940	1	1941	1	5	6	0	50	0	3	0	0
103	??????	??????????????????*2????*1	3	1932	1810	0	2	1	0	100	1941	1	1942	1	5	6	0	50	0	3	0	0
104	??????	?????????????????*2???*1	7	1933	1811	0	2	1	0	100	1942	1	1943	1	5	6	0	50	0	3	0	0
105	??????	?????????????????*2???*1	9	1934	1811	0	2	1	0	100	1943	1	1944	1	10	11	0	100	0	3	0	0
106	??????	?????????????????*2????*1	12	1935	1812	0	2	1	0	100	1944	1	1945	1	10	11	0	100	0	3	0	0
107	??????	?????????????????*3????*1	15	1935	1812	0	3	1	0	100	1945	1	1947	1	15	16	0	150	0	3	0	0
108	?????	?????????????????*5??????*1???*2	4	1932	817	1811	5	1	2	0	1946	1	0	0	5	6	0	100	0	3	0	0
109	???????	????????????????????*1??????*1???????*1	0	1027	1052	1077	1	1	1	0	1142	1	0	0	1	1	0	100	0	0	0	1
110	???????	?????????????????*4????*1????*1	0	716	1	7	4	1	1	0	1143	1	0	0	1	1	0	100	0	0	0	1
111	?????	???????????????*1??????*1???*5	0	300	712	716	1	1	5	0	1145	1	0	0	1	1	0	100	0	0	0	1
112	??????	?????????????????*1???????*1?????*2	0	171	1002	818	1	1	2	0	1146	1	0	0	1	1	0	100	0	0	0	1
113	???-6?	?????-6??????????*100????-3?*100	1	821	2233	0	100	100	0	0	2236	1	2236	1	25	25	0	500	0	4	0	0
114	???-6?	?????-6??????????*100????-3?*100	2	821	2213	0	100	100	0	0	2216	1	2216	1	45	45	0	500	0	4	0	0
115	???-6?	?????-6??????????*100????-3?*100	3	821	2223	0	100	100	0	0	2226	1	2226	1	60	60	0	500	0	4	0	0
116	???-6?	?????-6??????????*100????-3?*100	4	821	2203	0	100	100	0	0	2206	1	2206	1	70	70	0	500	0	4	0	0
117	???-7?	?????-7??????????*100????-3?*100	5	822	2233	0	100	100	0	0	2237	1	2237	1	90	90	0	600	0	4	0	0
118	???-7?	?????-7??????????*100????-3?*100	6	822	2213	0	100	100	0	0	2217	1	2217	1	110	110	0	600	0	4	0	0
119	???-7?	?????-7??????????*100????-3?*100	7	822	2223	0	100	100	0	0	2227	1	2227	1	130	130	0	600	0	4	0	0
120	???-7?	?????-7??????????*100????-3?*100	8	822	2203	0	100	100	0	0	2207	1	2207	1	150	150	0	600	0	4	0	0
121	???-8?	?????-8??????????*100????-3?*100????*1	9	823	2233	2027	100	100	1	0	2238	1	2238	1	160	160	0	700	0	4	0	0
122	???-8?	?????-8??????????*100????-3?*100????*1	10	823	2213	2027	100	100	1	0	2218	1	2218	1	180	180	0	700	0	4	0	0
123	???-8?	?????-8??????????*100????-3?*100????*1	11	823	2223	2027	100	100	1	0	2228	1	2228	1	200	200	0	700	0	4	0	0
124	???-8?	?????-8??????????*100????-3?*100????*1	12	823	2203	2027	100	100	1	0	2208	1	2208	1	230	230	0	700	0	4	0	0
125	???-9?	?????-9??????????*100????-3?*100?????*1	13	824	2233	2036	100	100	1	0	2239	1	2239	1	250	250	0	800	0	4	0	0
126	???-9?	?????-9??????????*100????-3?*100?????*1	14	824	2213	2036	100	100	1	0	2219	1	2219	1	270	270	0	800	0	4	0	0
127	???-9?	?????-9??????????*100????-3?*100?????*1	15	824	2223	2036	100	100	1	0	2229	1	2229	1	300	300	0	800	0	4	0	0
128	???-9?	?????-9??????????*100????-3?*100?????*1	16	824	2203	2036	100	100	1	0	2209	1	2209	1	320	320	0	800	0	4	0	0
129	??????	?????????????????*3????*1	11	1935	1812	0	3	1	0	100	1945	1	1947	1	4	5	0	150	0	4	0	0
130	???	??????????????*20??????*20	1	825	819	0	20	20	0	0	1951	1	1951	1	10	10	0	250	0	4	0	0
131	?????	????????????????*20??????*20	3	825	819	0	20	20	0	0	1952	1	1952	1	30	30	0	300	0	4	0	0
132	???	??????????????*20??????*20	2	825	819	0	20	20	0	0	1953	1	1953	1	20	20	0	250	0	4	0	0
133	?????	????????????????*20??????*20	4	825	819	0	20	20	0	0	1954	1	1954	1	40	40	0	300	0	4	0	0
134	???	??????????????*20??????*20	5	826	819	0	20	20	0	0	1955	1	1955	1	50	50	0	250	0	4	0	0
135	?????	????????????????*20??????*20	7	826	819	0	20	20	0	0	1956	1	1956	1	65	65	0	300	0	4	0	0
136	???	??????????????*20??????*20	6	826	819	0	20	20	0	0	1957	1	1957	1	60	60	0	250	0	4	0	0
137	?????	????????????????*20??????*20	8	826	819	0	20	20	0	0	1958	1	1958	1	70	70	0	300	0	4	0	0
138	???	??????????????*25??????*20????*5	10	827	819	1106	25	20	5	0	1959	1	1959	1	75	75	0	300	0	4	0	0
139	?????	????????????????*25??????*20????*5	13	827	819	1106	25	20	5	0	1960	1	1960	1	85	85	0	350	0	4	0	0
140	???	??????????????*25??????*20????*5	12	828	819	1109	25	20	5	0	1961	1	1961	1	75	75	0	300	0	4	0	0
141	?????	????????????????*25??????*20????*5	14	828	819	1109	25	20	5	0	1962	1	1962	1	90	90	0	350	0	4	0	0
142	?????	???????????????*40????*1	10	833	171	0	40	1	0	0	1963	1	1963	1	10	11	0	50	0	5	0	0
143	?????	???????????????*5????*1	1	829	171	0	5	1	0	100	1251	1	1251	2	1	2	50	10	0	5	0	0
144	?????	???????????????*5????*1	1	829	171	0	5	1	0	100	1252	1	1252	2	1	2	50	10	0	5	0	0
145	?????	???????????????*5????*1	1	829	171	0	5	1	0	100	1253	1	1253	2	1	2	50	10	0	5	0	0
146	?????	???????????????*5????*1	3	830	171	0	5	1	0	100	1254	1	1254	2	2	3	50	20	0	5	0	0
147	?????	???????????????*5????*1	3	830	171	0	5	1	0	100	1255	1	1255	2	2	3	50	20	0	5	0	0
148	?????	???????????????*5????*1	3	830	171	0	5	1	0	100	1256	1	1256	2	2	3	50	20	0	5	0	0
149	?????	????????????????*10????*1	5	831	171	0	10	1	0	100	1257	1	1257	2	4	5	50	30	0	5	0	0
150	?????	????????????????*10????*1	5	831	171	0	10	1	0	100	1258	1	1258	2	4	5	50	30	0	5	0	0
151	?????	????????????????*10????*1	5	831	171	0	10	1	0	100	1259	1	1259	2	4	5	50	30	0	5	0	0
152	?????	???????????????*10????*1	10	832	171	0	10	1	0	100	1260	1	1260	2	8	9	50	30	0	5	0	0
153	??????	????????????????*10????*1	6	832	171	0	10	1	0	100	1261	1	1261	2	6	7	50	35	0	5	0	0
154	??????	????????????????*10????*1	8	832	171	0	10	1	0	100	1262	1	1262	2	6	7	50	35	0	5	0	0
155	??????	????????????????*10????*1	8	832	171	0	10	1	0	100	1263	1	1263	2	6	7	50	35	0	5	0	0
156	???????	?????????????????*10????*1	7	832	171	0	10	1	0	100	1264	1	1264	2	6	7	50	35	0	5	0	0
157	?????	???????????????*10????*1	9	832	171	0	10	1	0	100	1265	1	1265	2	7	8	50	35	0	5	0	0
158	???????	?????????????????*10????*1????*1	7	833	171	1107	10	1	1	100	1266	1	1266	2	6	7	50	40	0	5	0	0
159	???????	?????????????????*40????*1????*1	15	833	171	1107	40	1	1	100	1267	1	1267	2	12	13	50	100	0	5	0	0
160	???????	???????????????????*10????*1????*1	11	834	171	1107	10	1	1	100	1268	1	1268	2	9	10	50	50	0	5	0	0
161	???	???????????????*10????*1????*1	13	835	171	1108	10	1	1	100	1269	1	1269	2	10	11	50	50	0	5	0	0
162	?????	?????????????????*10????*1	12	834	184	0	10	1	0	0	1270	1	1270	1	10	11	50	200	0	0	0	1
163	???	??????????????*2????*4	10	805	820	0	2	4	0	0	1935	1	1935	1	4	5	0	20	0	4	0	0
164	???-4?	?????-4??????????*25????-3?*25	1	821	2233	0	25	25	0	0	2234	1	2234	1	20	20	0	300	0	4	0	0
165	???-4?	?????-4??????????*25????-3?*25	1	821	2213	0	25	25	0	0	2214	1	2214	1	20	20	0	300	0	4	0	0
166	???-4?	?????-4??????????*25????-3?*25	1	821	2223	0	25	25	0	0	2224	1	2224	1	20	20	0	300	0	4	0	0
167	???-4?	?????-4??????????*25????-3?*25	1	821	2203	0	25	25	0	0	2204	1	2204	1	20	20	0	300	0	4	0	0
168	???-5?	?????-5??????????*80????-3?*80	1	821	2233	0	80	80	0	0	2235	1	2235	1	20	20	0	400	0	4	0	0
169	???-5?	?????-5??????????*80????-3?*80	1	821	2213	0	80	80	0	0	2215	1	2215	1	20	20	0	400	0	4	0	0
170	???-5?	?????-5??????????*80????-3?*80	1	821	2223	0	80	80	0	0	2225	1	2225	1	20	20	0	400	0	4	0	0
171	???-5?	?????-5??????????*80????-3?*80	1	821	2203	0	80	80	0	0	2205	1	2205	1	20	20	0	400	0	4	0	0
172	??????	?????????????????*3????*3????*3	2	1217	1219	1201	3	3	3	1000	3009	1	3009	2	10	11	0	10	0	1	0	0
173	??????	??????????????????*2????*5?????*2	5	1203	1231	1207	2	5	2	1000	3010	1	3010	2	20	21	0	30	0	1	0	0
174	??????	????????????????*7?????*4??????*4	10	1218	1213	1215	7	4	4	1000	3011	1	3011	2	30	31	0	100	0	1	0	0
175	??????	?????????????????*1????*1????*1	12	1813	820	1812	1	1	1	0	1819	1	1819	1	5	6	0	25	0	2	0	0
176	???	??????????????*4????*4	12	1935	1934	0	4	4	0	0	836	1	836	1	5	6	0	30	0	3	0	0
177	??????	?????????????????*1????*1	14	836	837	0	1	1	0	0	1947	1	1947	1	8	9	0	250	0	4	837	0
178	????	???????????????*1?????*20?????*20	0	2294	1204	1208	1	20	20	0	2157	1	2158	1	1	1	0	180	0	0	0	0
179	??????	??3????????????????*1?????*1?????*1	0	2295	1204	1208	1	1	1	200	2157	3	2158	1	1	1	0	180	0	0	0	0
180	????	???????????????*1?????*20?????*20	0	2294	1204	1208	1	20	20	0	2159	1	2160	1	1	1	0	180	0	0	0	0
181	??????	??3????????????????*1?????*1?????*1	0	2295	1204	1208	1	1	1	200	2159	3	2160	1	1	1	0	180	0	0	0	0
182	????	???????????????*1?????*20?????*20	0	2294	1204	1208	1	20	20	0	2161	1	2162	1	1	1	0	180	0	0	0	0
183	??????	??3????????????????*1?????*1?????*1	0	2295	1204	1208	1	1	1	200	2161	3	2162	1	1	1	0	180	0	0	0	0
184	????	???????????????*1?????*20?????*20	0	2294	1204	1208	1	20	20	0	2163	1	2164	1	1	1	0	180	0	0	0	0
185	??????	??3????????????????*1?????*1?????*1	0	2295	1204	1208	1	1	1	200	2163	3	2164	1	1	1	0	180	0	0	0	0
186	????	???????????????*1?????*20?????*20	0	2294	1204	1208	1	20	20	0	2165	1	2166	1	1	1	0	180	0	0	0	0
187	??????	??3????????????????*1?????*1?????*1	0	2295	1204	1208	1	1	1	200	2165	3	2166	1	1	1	0	180	0	0	0	0
188	????	???????????????*1?????*20?????*20	0	2294	1204	1208	1	20	20	0	2167	1	2168	1	1	1	0	180	0	0	0	0
189	??????	??3????????????????*1?????*1?????*1	0	2295	1204	1208	1	1	1	200	2167	3	2168	1	1	1	0	180	0	0	0	0
190	?????	???????????????*1?????*1	0	2170	2173	0	1	1	0	0	2174	1	2175	1	1	1	0	180	0	0	0	0
191	??	?????????????*3????*3????*3	0	1813	1214	822	3	3	3	0	678	1	678	1	1	1	0	200	0	0	0	1
192	??	????????????*4???????*1???????*1	0	1216	1915	1261	4	1	1	0	679	1	679	1	1	1	0	200	0	0	0	1
193	????	??????????????*2???*8????*1	0	678	679	677	2	8	1	1000	672	1	667	1	1	1	0	1000	1	0	677	1
194	????	??????????????*5???*5????*1	0	678	679	677	5	5	1	1000	673	1	668	1	1	1	0	1000	1	0	677	1
195	????	??????????????*5???*5????*1	0	678	679	677	5	5	1	1000	674	1	669	1	1	1	0	1000	1	0	677	1
196	????	??????????????*5???*5????*1	0	678	679	677	5	5	1	1000	675	1	670	1	1	1	0	1000	1	0	677	1
197	????	??????????????*5???*5????*1	0	678	679	677	5	5	1	1000	676	1	671	1	1	1	0	1000	1	0	677	1
198	???	??????????????*3????*1	0	2186	2189	0	3	1	0	100	2187	1	2188	1	1	1	0	200	1	0	2189	1
199	???	??????????????*1??????*2	14	1231	712	0	1	2	0	1000	1233	1	1233	2	5	6	0	15	0	1	0	0
200	?????	????????????????*1??????*2	17	1232	712	0	1	2	0	1000	1234	1	1234	2	6	7	0	18	0	1	0	0
201	???	??????????????*1???*4	15	1235	716	0	1	4	0	1000	1237	1	1237	2	5	6	0	15	0	1	0	0
202	???	??????????????*1???*4	18	1236	716	0	1	4	0	1000	1238	1	1238	2	6	7	0	18	0	1	0	0
203	???	??????????????*1???*1	18	838	718	0	1	1	0	0	67	1	67	1	10	10	0	50	0	1	838	0
204	???????	??????????????????*6????????*15	15	839	1902	0	6	15	0	0	1964	1	1964	1	30	30	0	500	0	3	839	0
205	?????	????????????????*70?????*8	18	839	1928	0	70	8	0	0	1965	1	1965	1	50	50	0	800	0	3	839	0
206	?????	????????????????*70????*100	18	839	1922	0	70	100	0	0	1966	1	1966	1	50	50	0	800	0	3	839	0
207	??????	?????????????????*3???????*1	12	839	1904	0	3	1	0	0	1968	1	1968	1	20	20	0	300	0	3	839	0
208	??????	?????????????????*1?????*1	12	839	1908	0	1	1	0	0	1969	1	1969	1	20	20	0	300	0	3	839	0
209	???????	??????????????????*6????????*15	15	839	1912	0	6	15	0	0	1970	1	1970	1	30	30	0	500	0	3	839	0
210	??????	?????????????????*1?????*1	12	839	1906	0	1	1	0	0	1971	1	1971	1	20	20	0	300	0	3	839	0
211	??????	?????????????????*3?????*2	12	839	1910	0	3	2	0	0	1972	1	1972	1	20	20	0	300	0	3	839	0
212	??????	?????????????????*5?????*100	15	839	1914	0	5	100	0	0	1973	1	1973	1	30	30	0	500	0	3	839	0
213	??????	?????????????????*5?????*80	15	839	1916	0	5	80	0	0	1974	1	1974	1	30	30	0	500	0	3	839	0
214	?????	????????????????*5????*60	15	839	1918	0	5	60	0	0	1975	1	1975	1	30	30	0	500	0	3	839	0
215	??????	????????????????*10???????*5	15	840	1804	0	10	5	0	0	1805	1	1805	1	25	25	0	250	0	2	840	0
216	????	??????????????????*2???????*1	14	1809	1819	0	2	1	0	0	69	1	69	1	15	15	0	30	0	2	0	0
217	??????	????????????????*1????*1	5	840	1814	0	1	1	0	0	1820	1	1820	1	5	5	0	20	0	2	840	0
218	???	??????????????*1????*5	5	1813	1814	0	1	5	0	0	2393	1	2393	1	5	5	0	15	0	2	0	0
219	??????	??????????????????*1????????*1	2	841	1014	0	1	1	0	0	1005	1	1005	1	2	2	0	20	0	5	841	0
220	??????	??????????????????*1???????*2	4	841	1005	0	1	2	0	0	1012	1	1012	1	5	5	0	50	0	5	841	0
221	??????	??????????????????*3???????*1	6	841	1006	0	3	1	0	0	1013	1	1013	1	10	10	0	100	0	5	841	0
222	???????	???????????????????*3???????*2	8	841	1013	0	3	2	0	0	1007	1	1007	1	20	20	0	200	0	5	841	0
223	???????	???????????????????*40????????*5	12	841	1008	0	40	5	0	0	1009	1	1009	1	50	50	0	400	0	5	841	0
224	???????	???????????????????*60????????*4	14	841	1009	0	60	4	0	0	1010	1	1010	1	100	100	0	600	0	5	841	0
225	???????	???????????????????*80????????*4	16	841	1010	0	80	4	0	0	1011	1	1011	1	200	200	0	800	0	5	841	0
226	??????	??????????????????*1???????*1	2	841	1035	0	1	1	0	0	1028	1	1028	1	2	2	0	20	0	5	841	0
227	??????	??????????????????*1???????*2	4	841	1028	0	1	2	0	0	1031	1	1031	1	5	5	0	50	0	5	841	0
228	???????	???????????????????*3???????*1	6	841	1039	0	3	1	0	0	1038	1	1038	1	10	10	0	100	0	5	841	0
229	??????	??????????????????*3????????*2	8	841	1038	0	3	2	0	0	1037	1	1037	1	20	20	0	200	0	5	841	0
230	??????	??????????????????*40???????*5	12	841	1030	0	40	5	0	0	1033	1	1033	1	50	50	0	400	0	5	841	0
231	??????	??????????????????*60???????*4	14	841	1033	0	60	4	0	0	1034	1	1034	1	100	100	0	600	0	5	841	0
232	??????	??????????????????*80???????*4	16	841	1034	0	80	4	0	0	1036	1	1036	1	200	200	0	800	0	5	841	0
233	??????	??????????????????*1???????*1	2	841	1055	0	1	1	0	0	1056	1	1056	1	2	2	0	20	0	5	841	0
234	??????	??????????????????*1???????*2	4	841	1056	0	1	2	0	0	1057	1	1057	1	5	5	0	50	0	5	841	0
235	??????	??????????????????*3???????*1	6	841	1058	0	3	1	0	0	1059	1	1059	1	10	10	0	100	0	5	841	0
236	???????	???????????????????*3???????*2	8	841	1059	0	3	2	0	0	1061	1	1061	1	20	20	0	200	0	5	841	0
237	???????	???????????????????*40????????*5	12	841	1060	0	40	5	0	0	1063	1	1063	1	50	50	0	400	0	5	841	0
238	???????	???????????????????*60????????*4	14	841	1063	0	60	4	0	0	1062	1	1062	1	100	100	0	600	0	5	841	0
239	???????	???????????????????*80????????*4	16	841	1062	0	80	4	0	0	1064	1	1064	1	200	200	0	800	0	5	841	0
240	?????	?????????????????*1??????*1	2	841	1090	0	1	1	0	0	1078	1	1078	1	2	2	0	20	0	5	841	0
241	???????	???????????????????*1??????*1	4	841	1078	0	1	1	0	0	1083	1	1083	1	5	5	0	50	0	5	841	0
242	???????	???????????????????*1????????*2	4	841	1083	0	1	2	0	0	1091	1	1091	1	5	5	0	50	0	5	841	0
243	??????	??????????????????*3???????*1	6	841	1085	0	3	1	0	0	1092	1	1092	1	10	10	0	100	0	5	841	0
244	??????	??????????????????*3???????*1	8	841	1085	0	3	1	0	0	1084	1	1084	1	20	20	0	200	0	5	841	0
245	?????	?????????????????*3???????*2	8	841	1092	0	3	2	0	0	1087	1	1087	1	20	20	0	200	0	5	841	0
246	???????	???????????????????*40???????*5	12	841	1080	0	40	5	0	0	1086	1	1086	1	50	50	0	400	0	5	841	0
247	???????	???????????????????*60????????*4	14	841	1086	0	60	4	0	0	1088	1	1088	1	100	100	0	600	0	5	841	0
248	??????	??????????????????*80????????*4	16	841	1088	0	80	4	0	0	1089	1	1089	1	200	200	0	800	0	5	841	0
249	????	???????????????*1????*1	5	842	824	0	1	1	0	0	98	1	98	1	50	50	0	100	0	4	842	0
250	???-10?	?????-10??????????*1????-9?*10	18	842	2209	0	1	10	0	0	2210	1	2210	1	350	350	0	800	0	4	842	0
251	???-10?	?????-10??????????*1????-9?*10	18	842	2219	0	1	10	0	0	2220	1	2220	1	350	350	0	800	0	4	842	0
252	???-10?	?????-10??????????*1????-9?*10	18	842	2229	0	1	10	0	0	2230	1	2230	1	350	350	0	800	0	4	842	0
253	???-10?	?????-10??????????*1????-9?*10	18	842	2239	0	1	10	0	0	2240	1	2240	1	350	350	0	800	0	4	842	0
254	???????	??????????????????*10????*5	3	824	823	0	10	5	0	0	2471	1	0	0	5	0	0	10	0	4	0	0
255	???????	??????????????????????*1????*10	4	2471	824	0	1	10	0	0	2472	1	0	0	5	0	0	10	0	4	0	0
256	???????	??????????????????????*1????*10????*5	5	2472	824	1935	1	10	5	0	2473	1	0	0	5	0	0	10	0	4	0	0
257	???????	??????????????????????*1????*1	6	2473	842	0	1	1	0	0	2474	1	0	0	10	0	0	10	0	4	842	0
258	???????	??????????????????????*1????*1?????*1	7	2474	842	673	1	1	1	0	2475	1	0	0	10	0	0	10	0	4	842	0
259	???????	??????????????????????*1????*3?????*1	8	2475	842	672	1	3	1	0	2476	1	0	0	10	0	0	10	0	4	842	0
260	???????	??????????????????????*1????*6?????*2	9	2476	842	673	1	6	2	0	2477	1	0	0	15	0	0	10	0	4	842	0
261	???????	??????????????????????*1????*12?????*5	10	2477	842	672	1	12	5	0	2478	1	0	0	15	0	0	10	0	4	842	0
262	???????	??????????????????????*1????*30?????*5	11	2478	842	673	1	30	5	0	2479	1	0	0	15	0	0	10	0	4	842	0
263	????(?)	??????(?)?????????*5????*2????*1	0	2491	2492	2493	5	2	1	0	2890	1	0	0	0	0	0	0	0	0	0	1
264	????(?)	??????(?)?????????*5????*4????*2	0	2491	2492	2493	5	4	2	0	2881	1	0	0	0	0	0	0	0	0	0	1
265	????(?)	??????(?)?????????*1????*2????*1	0	2488	2490	2493	1	2	1	0	2882	1	0	0	0	0	0	0	0	0	0	1
266	????(?)	??????(?)?????????*2????*2????*3	0	2488	2489	2490	2	2	3	0	2884	1	0	0	0	0	0	0	0	0	0	1
267	????(?)	??????(?)?????????*1????*1????*1	0	2488	2489	2490	1	1	1	0	2857	1	0	0	0	0	0	0	0	0	0	1
268	????(?)	??????(?)?????????*2????*2????*1	0	2489	2490	2491	2	2	1	0	2858	1	0	0	0	0	0	0	0	0	0	1
269	????(?)	??????(?)?????????*1????*1????*2	0	2488	2489	2491	1	1	2	0	2892	1	0	0	0	0	0	0	0	0	0	1
270	????(?)	??????(?)?????????*2????*1????*1	0	2489	2490	2491	2	1	1	0	2896	1	0	0	0	0	0	0	0	0	0	1
271	????(?)	??????(?)?????????*1????*2????*1	0	2488	2489	2490	1	2	1	0	2907	1	0	0	0	0	0	0	0	0	0	1
272	????	???????????????*10????*3????*3	0	2489	2492	2493	10	3	3	0	2908	1	0	0	0	0	0	0	0	0	0	1
273	??????	?????????????????2????*2????*2?????1????*5	7	7671	836	7670	2	2	5	0	7413	1	0	0	3	0	0	300	0	2	0	0
274	????	???????????????2????*1????*2?????1????*7	7	7671	836	7670	1	2	7	0	7414	1	0	0	3	0	0	300	0	2	0	0
275	????	???????????????*3?????1????*6	7	836	7670	0	3	6	0	0	7416	1	0	0	3	0	0	300	0	2	0	0
276	????	???????????????*2?????1????*10	7	836	7670	0	2	10	0	0	7415	1	0	0	3	0	0	300	0	2	0	0
277	????	???????????????2????*4????*2?????1????*3	7	7671	6103	7670	4	2	3	0	7417	1	0	0	3	0	0	300	0	2	0	0
278	????	???????????????2????*2????*2?????1????*8	7	7671	6103	7670	2	2	8	0	7429	1	0	0	3	0	0	300	0	2	0	0
279	????	??????????????????*8????*6?????1????*18	7	3443	836	7670	8	6	18	0	7418	1	0	0	12	0	0	1200	0	2	3443	0
280	?????	???????????????????*8????*8?????1????*11	7	3443	836	7670	8	8	11	0	7419	1	0	0	12	0	0	1200	0	2	3443	0
281	????	??????????????????*10????*5?????1????*15	7	3443	836	7670	10	5	15	0	7420	1	0	0	12	0	0	1200	0	2	3443	0
282	????	??????????????????*4????*5????2????*15	7	3444	836	7671	4	5	15	0	7421	1	0	0	12	0	0	1200	0	2	3444	0
283	????	??????????????????*12?????1????*28	7	3442	7670	0	12	28	0	0	7422	1	0	0	12	0	0	1200	0	2	3442	0
284	????	???????????????2????*2????*1?????1????*8	7	7671	836	7670	2	1	8	0	7361	1	0	0	12	0	0	1200	0	2	0	0
285	????	???????????????2????*3????*2?????1????*2	7	7671	836	7670	3	2	2	0	7362	1	0	0	12	0	0	1200	0	2	0	0
286	??????	?????????????????2????*1????*1?????1????*10	7	7671	836	7670	1	1	10	0	7363	1	0	0	12	0	0	1200	0	2	0	0
287	????	???????????????2????*1????*2?????1????*8	7	7671	836	7670	1	2	8	0	7364	1	0	0	12	0	0	1200	0	2	0	0
288	????	???????????????2????*2????*3?????1????*1	7	7671	836	7670	2	3	1	0	7365	1	0	0	12	0	0	1200	0	2	0	0
289	??????	?????????????????2????*10????*10?????1????*20	7	7671	6103	7670	10	10	20	0	7366	1	0	0	12	0	0	1200	0	2	0	0
290	????	???????????????2????*15????*6?????1????*18	7	7671	6103	7670	15	6	18	0	7367	1	0	0	12	0	0	1200	0	2	0	0
291	????	???????????????2????*20????*5?????1????*10	7	7671	6103	7670	20	5	10	0	7368	1	0	0	12	0	0	1200	0	2	0	0
292	?????	????????????????2????*15????*10?????1????*10	7	7671	6103	7670	15	10	10	0	7369	1	0	0	12	0	0	1200	0	2	0	0
293	????	??????????????????*10????*6?????1????*12	7	3442	836	7670	10	6	12	0	7370	1	0	0	12	0	0	1200	0	2	3442	0
294	?????	???????????????????*5????*8?????1????*22	7	3442	836	7670	5	8	22	0	7371	1	0	0	12	0	0	1200	0	2	3442	0
295	?????	???????????????????*10????*5?????1????*16	8	3442	836	7670	10	5	16	0	7372	1	0	0	12	0	0	1200	0	2	3442	0
296	????	??????????????????*8????*4?????1????*26	8	3442	836	7670	8	4	26	0	7373	1	0	0	12	0	0	1200	0	2	3442	0
297	?????	???????????????????*8????*8?????1????*10	8	3442	836	7670	8	8	10	0	7374	1	0	0	12	0	0	1200	0	2	3442	0
298	????	??????????????????*7????2????*10?????1????*20	8	3444	7671	7670	7	10	20	0	7375	1	0	0	12	0	0	1200	0	2	3444	0
299	????	??????????????????*12????2????*7?????1????*10	8	3444	7671	7670	12	7	10	0	7376	1	0	0	12	0	0	1200	0	2	3444	0
300	?????	???????????????????*8????2????*12?????1????*12	9	3444	7671	7670	8	12	12	0	7377	1	0	0	12	0	0	1200	0	2	3444	0
301	?????	???????????????????*6????2????*12?????1????*20	9	3444	7671	7670	6	12	20	0	7378	1	0	0	12	0	0	1200	0	2	3444	0
302	????	??????????????????*10???????*5????2????*7	9	3443	3448	7671	10	5	7	0	7379	1	0	0	12	0	0	1200	0	2	3443	0
303	????	??????????????????*8???????*6????2????*8	9	3443	3448	7671	8	6	8	0	7380	1	0	0	12	0	0	1200	0	2	3443	0
304	????	??????????????????*6????2????*12?????1????*20	9	3448	7671	7670	6	12	20	0	7381	1	0	0	12	0	0	1200	0	2	3448	0
305	????	??????????????????*7????2????*10?????1????*20	9	3448	7671	7670	7	10	20	0	7382	1	0	0	12	0	0	1200	0	2	3448	0
306	?????	???????????????????*10????2????*4?????1????*25	10	3448	7671	7670	10	4	25	0	7383	1	0	0	12	0	0	1200	0	2	3448	0
307	????	??????????????????*2?????1????*10????2????*14	10	3442	7670	7671	2	10	14	0	7423	1	0	0	9	0	0	900	0	2	3442	0
308	????	??????????????????*2?????1????*15????2????*12	10	3442	7670	7671	2	15	12	0	7424	1	0	0	9	0	0	900	0	2	3442	0
309	????	??????????????????*2?????1????*20????2????*10	7	3442	7670	7671	2	20	10	0	7425	1	0	0	9	0	0	900	0	2	3442	0
310	?????	???????????????????*3?????1????*12????2????*12	7	3442	7670	7671	3	12	12	0	7426	1	0	0	9	0	0	900	0	2	3442	0
311	???	??????????????*8?????1????*10????2????*10	7	837	7670	7671	8	10	10	0	7427	1	0	0	9	0	0	900	0	2	837	0
312	??	????????????????*4?????3????*4????2????*5	8	3442	7672	7671	4	4	5	0	7428	1	0	0	9	0	0	900	0	2	3442	0
313	????	??????????????????*4???????*4????2????*10	8	3444	3442	7671	4	4	10	0	7471	1	0	0	9	0	0	900	0	2	3444	0
314	???	?????????????????*8????2????*10	7	3447	7671	0	8	10	0	0	7472	1	0	0	9	0	0	900	0	2	3447	0
315	????	???????????????*10?????1????*10????2????*10	7	839	7670	7671	10	10	10	0	7473	1	0	0	9	0	0	900	0	2	839	0
316	????	??????????????????*12????*20????2????*20	7	3448	6103	7671	12	20	20	0	7430	1	0	0	24	0	0	2400	0	2	3448	0
317	????	??????????????????*18????*15????2????*16	8	3448	6103	7671	18	15	16	0	7431	1	0	0	24	0	0	2400	0	2	3448	0
318	????	??????????????????*15????*12????2????*24	8	3448	6103	7671	15	12	24	0	7432	1	0	0	24	0	0	2400	0	2	3448	0
319	????	??????????????????*10????*12????2????*30	7	3448	6103	7671	10	12	30	0	7433	1	0	0	24	0	0	2400	0	2	3448	0
320	????	??????????????????*20????*30????2????*26	7	3444	1933	7671	20	30	26	0	7474	1	0	0	24	0	0	2400	0	2	3444	0
321	???	?????????????????*18????*20????2????*30	7	3444	1933	7671	18	20	30	0	7475	1	0	0	24	0	0	2400	0	2	3444	0
322	????	??????????????????*20????*30????2????*26	8	3443	1933	7671	20	30	26	0	7476	1	0	0	24	0	0	2400	0	2	3443	0
323	????	??????????????????*12?????3????*7????2????*21	8	3444	7672	7671	12	7	21	0	7404	1	0	0	24	0	0	2400	0	2	3444	0
324	????	???????????????????*1???????*1????2????*4	7	3450	3449	7671	1	1	4	0	7354	1	0	0	6	0	0	600	0	5	3450	0
325	????	???????????????????*1???????*2????2????*3	8	3450	3449	7671	1	2	3	0	7355	1	0	0	6	0	0	600	0	5	3450	0
326	????	???????????????????*2???????*1????2????*3	7	3450	3449	7671	2	1	3	0	7356	1	0	0	6	0	0	600	0	5	3450	0
327	??	??10????????????*1??????*48	7	838	715	0	1	48	0	0	7680	10	0	0	1	0	0	100	0	1	838	0
328	??	??10???????*1??????*88	7	838	715	0	1	88	0	0	7681	10	0	0	4	0	0	430	0	1	838	0
329	??	??10????????????*1???????*16	7	838	3010	0	1	16	0	0	7682	10	0	0	6	0	0	640	0	1	838	0
330	??	??5????????????*1???????*18	8	838	3010	0	1	18	0	0	7683	5	0	0	1	0	0	100	0	1	838	0
331	???	??5?????????????*1???????*24	8	838	3010	0	1	24	0	0	7684	5	0	0	2	0	0	200	0	1	838	0
332	????	??????????????????*18?????3????*6????2????*15	7	3444	7672	7671	18	6	15	0	7405	1	0	0	24	0	0	2400	0	2	3444	0
333	??????	????????????????*4????*1	10	833	171	0	4	1	0	100	1249	1	1249	2	12	13	50	40	0	5	0	0
334	??????	????????????????*6????*1	10	833	171	0	6	1	0	100	1250	1	1250	2	12	13	50	40	0	5	0	0
335	??????	????????????????????*1???*3	17	1805	840	0	1	3	0	0	1821	1	1821	1	30	30	0	350	0	2	840	0
336	??????	????????????????????*1???*4	18	1821	840	0	1	4	0	0	1822	1	1822	1	35	35	0	450	0	2	840	0
337	??????	????????????????????*1???*5	20	1822	840	0	1	5	0	0	1823	1	1823	1	45	45	0	550	0	2	840	0
338	??????	?????????????????*2????*1	16	836	837	0	2	1	0	0	1948	1	1948	1	10	11	0	350	0	4	837	0
339	??????	?????????????????*3????*2	18	836	837	0	3	2	0	0	1949	1	1949	1	12	13	0	450	0	4	837	0
340	??????	?????????????????*1????*2???*2	10	838	1214	1216	1	2	2	1000	3018	1	3018	2	30	31	0	150	0	1	838	0
341	?????	??10????????????????*1??????*10	18	4618	1234	0	1	10	0	1000	1239	10	1239	12	70	80	0	240	0	1	0	0
342	???	??10??????????????*1????*10	18	4618	1238	0	1	10	0	1000	1240	10	1240	12	70	80	0	220	0	1	0	0
343	??????	????????????????????*1???*5?????*4	20	1823	840	4618	1	5	4	0	1824	1	1824	1	60	60	0	600	0	2	840	0
344	??????	????????????????????*1???*5?????*8	20	1824	840	4618	1	5	8	0	1825	1	1825	1	80	80	0	700	0	2	840	0
345	??????	?????????????????*3????*2?????*1	18	836	837	4618	3	2	1	0	1950	1	1950	1	15	16	0	450	0	4	837	0
346	??????	?????????????????*5???????*1	15	839	1968	0	5	1	0	0	4442	1	4442	1	30	30	0	500	0	4	839	0
347	????	?????????????*1?????*1????*1	8	6168	6102	6103	1	1	1	0	6101	1	0	0	12	13	0	30	0	4	0	0
348	????	???????????????*1????*1	0	6100	837	0	1	1	0	0	6099	1	0	0	2	3	0	100	0	0	837	0
349	????	??????????????*25?????*40	8	813	818	0	25	40	0	0	6102	1	0	0	5	6	0	30	0	2	0	0
350	???	?????????????*3????*20	10	827	820	0	3	20	0	0	6103	1	0	0	6	7	0	50	0	3	0	0
351	???????	?????????????????*3?????*1?????*1	18	836	6099	6101	3	1	1	0	6109	1	0	0	18	20	0	500	0	4	0	0
352	?????	??10???????????????*1??????*10	18	6100	1239	0	1	10	0	1000	6151	10	6151	12	80	90	0	250	0	1	0	0
353	???	??10?????????????*1????*10	18	6100	1240	0	1	10	0	1000	6152	10	6152	12	80	90	0	230	0	1	0	0
354	??	????????????*30	8	807	0	0	30	0	0	0	6168	1	0	0	12	13	0	50	0	5	0	0
355	?????	???????????????????*6?????3????*2????2????*7	10	3448	7672	7671	6	2	7	0	7387	1	0	0	9	0	0	900	0	2	3448	0
356	?????	???????????????????*8?????1????*5????2????*8	10	3443	7670	7671	8	5	8	0	7390	1	0	0	9	0	0	900	0	2	3443	0
357	?????	???????????????????*8?????1????*12????2????*5	10	3443	7670	7671	8	12	5	0	7391	1	0	0	9	0	0	900	0	2	3443	0
358	?????	?????????????????1????*5?????3????*5????2????*6	10	7670	7672	7671	5	5	6	0	7392	1	0	0	9	0	0	900	0	2	0	0
359	????	???????????????????*8???????*4????2????*4	10	3450	3447	7671	8	4	4	0	7393	1	0	0	9	0	0	900	0	2	3450	0
360	??????	????????????????????*10?????3????*8????2????*20	10	3447	7672	7671	10	8	20	0	7394	1	0	0	24	0	0	2400	0	2	3447	0
361	??????	????????????????????*16?????3????*8????2????*12	10	3447	7672	7671	16	8	12	0	7395	1	0	0	24	0	0	2400	0	2	3447	0
362	????	??????????????????*18?????3????*6????2????*15	10	3448	7672	7671	18	6	15	0	7396	1	0	0	24	0	0	2400	0	2	3448	0
363	??????	????????????????????*12?????3????*5????2????*26	10	3448	7672	7671	12	5	26	0	7397	1	0	0	24	0	0	2400	0	2	3448	0
364	?????	???????????????????*20?????3????*6????2????*12	10	3448	7672	7671	20	6	12	0	7398	1	0	0	24	0	0	2400	0	2	3448	0
365	????	??????????????????*20????*10????2????*12	10	3442	836	7671	20	10	12	0	7399	1	0	0	24	0	0	2400	0	2	3442	0
366	????	??????????????????*16????*15????2????*10	10	3442	836	7671	16	15	10	0	7400	1	0	0	24	0	0	2400	0	2	3442	0
367	?????	???????????????????*18????*8????2????*18	10	3442	836	7671	18	8	18	0	7401	1	0	0	24	0	0	2400	0	2	3442	0
368	?????	???????????????????*15????*12????2????*16	10	3442	836	7671	15	12	16	0	7402	1	0	0	24	0	0	2400	0	2	3442	0
369	?????	???????????????????*20????*6????2????*18	10	3442	836	7671	20	6	18	0	7403	1	0	0	24	0	0	2400	0	2	3442	0
370	?????	???????????????????*14????*12????2????*25	10	3443	6103	7671	14	12	25	0	7406	1	0	0	24	0	0	2400	0	2	3443	0
371	????	??????????????????*15????*20????2????*16	10	3443	6103	7671	15	20	16	0	7407	1	0	0	24	0	0	2400	0	2	3443	0
372	?????	???????????????????*20????*14????2????*14	10	3443	6103	7671	20	14	14	0	7408	1	0	0	24	0	0	2400	0	2	3443	0
373	????	??????????????????*18????*15????2????*16	10	3443	6103	7671	18	15	16	0	7409	1	0	0	24	0	0	2400	0	2	3443	0
374	????	????????????????????*8?????3????*6????2????*30	10	3447	7672	7671	8	6	30	0	7410	1	0	0	24	0	0	2400	0	2	3447	0
375	????	??????????????????*15?????3????*4????2????*25	10	3442	7672	7671	15	4	25	0	7411	1	0	0	24	0	0	2400	0	2	3442	0
376	?????	???????????????????*12?????3????*4????2????*30	10	3442	7672	7671	12	4	30	0	7412	1	0	0	24	0	0	2400	0	2	3442	0
377	????	????????????????1????*35?????????*1?????3????*5	10	7670	7673	7672	35	1	5	0	7434	1	0	0	18	0	0	1800	0	2	0	0
378	????	????????????????1????*30?????????*1?????3????*6	10	7670	7673	7672	30	1	6	0	7435	1	0	0	18	0	0	1800	0	2	0	0
379	?????	?????????????????1????*22?????????*1?????3????*7	10	7670	7673	7672	22	1	7	0	7436	1	0	0	18	0	0	1800	0	2	0	0
380	????	????????????????1????*10?????????*1?????3????*9	10	7670	7673	7672	10	1	9	0	7437	1	0	0	18	0	0	1800	0	2	0	0
381	??	?????????????????*10?????????*1?????3????*5	10	3450	7673	7672	10	1	5	0	7438	1	0	0	18	0	0	1800	0	2	3450	0
382	???	??????????????????*12?????????*1?????3????*4	10	3450	7673	7672	12	1	4	0	7439	1	0	0	18	0	0	1800	0	2	3450	0
383	????	???????????????????*6?????????*1?????3????*7	10	3450	7673	7672	6	1	7	0	7440	1	0	0	18	0	0	1800	0	2	3450	0
384	????	??????????????????*10?????????*2?????3????*24	10	3444	7673	7672	10	2	24	0	7441	1	0	0	61	0	0	6100	0	2	3444	0
385	????	??????????????????*16?????????*2?????3????*20	10	3444	7673	7672	16	2	20	0	7442	1	0	0	61	0	0	6100	0	2	3444	0
386	????	??????????????????*20?????????*2?????3????*18	10	3444	7673	7672	20	2	18	0	7443	1	0	0	61	0	0	6100	0	2	3444	0
387	????	??????????????????*20?????????*2?????3????*18	10	3449	7673	7672	20	2	18	0	7444	1	0	0	61	0	0	6100	0	2	3449	0
388	?????	???????????????????*12?????????*1?????3????*4	12	3447	7673	7672	12	1	4	0	7445	1	0	0	18	0	0	1800	0	5	3447	0
389	?????	???????????????????*6?????????*1?????3????*7	12	3447	7673	7672	6	1	7	0	7446	1	0	0	18	0	0	1800	0	5	3447	0
390	????	??????????????????*10?????????*1?????3????*5	12	3449	7673	7672	10	1	5	0	7447	1	0	0	18	0	0	1800	0	5	3449	0
391	????	??????????????????*10?????????*1?????3????*5	12	3447	7673	7672	10	1	5	0	7448	1	0	0	18	0	0	1800	0	5	3447	0
392	????	???????????????*11?????????*1?????3????*3	12	836	7673	7672	11	1	3	0	7449	1	0	0	18	0	0	1800	0	5	0	0
393	?????	?????????????????1????*14?????????*1????2????*23	12	7670	7673	7671	14	1	23	0	7450	1	0	0	18	0	0	1800	0	2	0	0
394	?????	?????????????????1????*26?????????*1????2????*18	12	7670	7673	7671	26	1	18	0	7451	1	0	0	18	0	0	1800	0	2	0	0
395	?????	????????????????*14?????????*1?????3????*2	12	836	7673	7672	14	1	2	0	7452	1	0	0	18	0	0	1800	0	2	0	0
396	????	??????????????????*10?????????*1?????3????*5	12	3447	7673	7672	10	1	5	0	7453	1	0	0	18	0	0	1800	0	2	3447	0
397	??????	????????????????????*20?????????*3?????3????*7	12	3447	7673	7672	20	3	7	0	7454	1	0	0	61	0	0	6100	0	2	3447	0
398	??????	????????????????????*14?????????*3?????3????*10	12	3447	7673	7672	14	3	10	0	7455	1	0	0	61	0	0	6100	0	2	3447	0
399	??????	????????????????????*20?????????*3?????3????*7	12	3442	7673	7672	20	3	7	0	7456	1	0	0	61	0	0	6100	0	2	3442	0
400	????	??????????????????*14?????????*3?????3????*10	12	3442	7673	7672	14	3	10	0	7457	1	0	0	61	0	0	6100	0	2	3442	0
401	????	???????????????*20?????????*3?????3????*10	12	6103	7673	7672	20	3	10	0	7458	1	0	0	61	0	0	6100	0	2	0	0
402	????	??????????????????*25?????????*3????2????*12	12	3442	7673	7671	25	3	12	0	7459	1	0	0	61	0	0	6100	0	2	3442	0
403	?????	???????????????????*30?????????*3????2????*4	12	3442	7673	7671	30	3	4	0	7460	1	0	0	61	0	0	6100	0	2	3442	0
404	?????	???????????????????*20?????????*3????2????*18	12	3442	7673	7671	20	3	18	0	7461	1	0	0	61	0	0	6100	0	2	3442	0
405	?????	???????????????????*15?????????*3????2????*26	12	3442	7673	7671	15	3	26	0	7462	1	0	0	61	0	0	6100	0	2	3442	0
406	?????	???????????????????*10?????????*3????2????*32	12	3442	7673	7671	10	3	32	0	7463	1	0	0	61	0	0	6100	0	2	3442	0
407	????	??????????????????*10?????????*3?????3????*12	12	3443	7673	7672	10	3	12	0	7464	1	0	0	61	0	0	6100	0	2	3443	0
408	????	??????????????????*20?????????*3?????3????*7	12	3443	7673	7672	20	3	7	0	7465	1	0	0	61	0	0	6100	0	2	3443	0
409	?????	???????????????????*15?????????*3?????3????*9	12	3443	7673	7672	15	3	9	0	7466	1	0	0	61	0	0	6100	0	2	3443	0
410	????	???????????????2????*20?????????*3?????3????*10	12	7671	7673	7672	20	3	10	0	7467	1	0	0	61	0	0	6100	0	2	0	0
411	????	???????????????2????*25?????????*3?????3????*8	12	7671	7673	7672	25	3	8	0	7468	1	0	0	61	0	0	6100	0	2	0	0
412	????	??????????????????*20?????????*3?????3????*7	12	3448	7673	7672	20	3	7	0	7469	1	0	0	61	0	0	6100	0	2	3448	0
413	?????	???????????????????*14?????????*3?????3????*10	12	3448	7673	7672	14	3	10	0	7470	1	0	0	61	0	0	6100	0	2	3448	0
414	????	??????????????????*8?????1????*7????2????*7	10	3447	7670	7671	8	7	7	0	7384	1	0	0	9	0	0	900	0	5	3447	0
415	????	??????????????????*6?????1????*8????2????*10	10	3447	7670	7671	6	8	10	0	7385	1	0	0	9	0	0	900	0	5	3447	0
416	????	???????????????????*8?????1????*10????2????*6	10	3450	7670	7671	8	10	6	0	7386	1	0	0	9	0	0	900	0	5	3450	0
417	????	???????????????????*8????*5????2????*5	10	3450	6103	7671	8	5	5	0	7389	1	0	0	9	0	0	900	0	5	3450	0
418	??	?????????????????*3???????*8????2????*6	10	3450	3449	7671	3	8	6	0	7388	1	0	0	9	0	0	900	0	5	3450	0
419	????	???????????????????*2???????*1?????1????*7	8	3450	3449	7670	2	1	7	0	7357	1	0	0	3	0	0	300	0	5	3450	0
420	????	???????????????????*1???????*1?????1????*10	8	3450	3447	7670	1	1	10	0	7358	1	0	0	3	0	0	300	0	5	3450	0
421	????	???????????????2????*2????*2?????1????*8	8	7671	6103	7670	2	2	8	0	7359	1	0	0	3	0	0	300	0	5	0	0
422	????	??????????????????*2?????1????*10	8	3447	7670	0	2	10	0	0	7360	1	0	0	3	0	0	300	0	5	3447	0
423	????	???????????????*8?????1????*12????2????*10	10	839	7670	7671	8	12	10	0	7477	1	0	0	9	0	0	900	0	2	839	0
424	????????	??10???????????????*10??????*20??????*1	19	1232	712	9196	10	20	1	1500	1234	10	1234	13	25	26	0	180	0	1	0	0
425	??????	??10?????????????*10???*40??????*1	20	1236	716	9197	10	40	1	1500	1238	10	1238	13	25	26	0	180	0	1	0	0
426	?????	????????????????*1???*1	11	804	811	0	1	1	0	0	9196	1	9196	2	4	5	0	20	0	2	0	0
427	?????	????????????????*1???*1	11	804	811	0	1	1	0	0	9197	1	9197	2	4	5	0	20	0	3	0	0
428	??????	?????10??????????*20????*20??????*1	7	803	810	9192	20	20	1	1000	1933	10	1933	13	25	26	0	150	0	3	0	0
429	???????	??????10??????????*20????*20??????*1	4	802	809	9192	20	20	1	1000	1932	10	1932	13	25	26	0	100	0	3	0	0
430	?????	????10??????????*20???*40??????*1	6	802	811	9193	20	40	1	1000	1811	10	1811	13	25	26	0	100	0	2	0	0
431	??????	?????10??????????*20???*20??????*1	9	803	812	9193	20	20	1	1000	1812	10	1812	13	25	26	0	150	0	2	0	0
432	????????	???????10?????????*50????*10?????*1	5	830	171	9194	50	10	1	1000	1254	10	1254	13	25	26	50	200	0	5	0	0
433	????????	???????10?????????*50????*10?????*1	5	830	171	9194	50	10	1	1000	1255	10	1255	13	25	26	50	200	0	5	0	0
434	????????	???????10?????????*50????*10?????*1	5	830	171	9194	50	10	1	1000	1256	10	1256	13	25	26	50	200	0	5	0	0
435	????????	???????10?????????*100????*10?????*1	12	832	171	9195	100	10	1	1000	1260	10	1260	13	25	26	50	300	0	5	0	0
436	?????????	????????10?????????*100????*10?????*1	8	832	171	9194	100	10	1	1000	1261	10	1261	13	25	26	50	350	0	5	0	0
437	?????	????????????????*1???*1	3	801	811	0	1	1	0	100	9192	1	9192	2	2	3	0	10	0	2	0	0
438	?????	????????????????*1???*1	3	801	811	0	1	1	0	100	9193	1	9193	2	2	3	0	10	0	3	0	0
439	????	???????????????*1???*1	3	801	811	0	1	1	0	100	9194	1	9194	2	2	3	0	10	0	1	0	0
440	????	???????????????*1???*1	6	803	811	0	1	1	0	100	9195	1	9195	2	3	4	0	15	0	1	0	0
441	??	????????????????*10?????????*2?????3????*10	10	3443	7673	7672	10	2	10	0	9629	1	0	0	3	0	0	300	0	2	3443	0
442	??	????????????????*20?????????*2?????3????*5	10	3443	7673	7672	20	2	5	0	9630	1	0	0	3	0	0	300	0	2	3443	0
443	???	?????????????????*20?????????*2?????3????*5	10	3443	7673	7672	20	2	5	0	9631	1	0	0	3	0	0	300	0	2	3443	0
444	???	???????????????1????*30?????????*2?????3????*10	10	7670	7673	7672	30	2	10	0	9632	1	0	0	3	0	0	300	0	2	0	0
445	??	??????????????1????*30?????????*2?????3????*10	10	7670	7673	7672	30	2	10	0	9633	1	0	0	3	0	0	300	0	2	0	0
446	?????	???????????????*1????*1????*1	8	9489	9490	9551	1	1	1	0	9488	1	0	0	12	13	0	35	0	4	0	0
447	???	?????????????*35?????*50	8	813	818	0	35	50	0	0	9489	1	0	0	5	6	0	35	0	2	0	0
448	???	?????????????*4????*25	10	827	820	0	4	25	0	0	9490	1	0	0	6	7	0	60	0	3	0	0
449	???????	?????????????????*3?????*1??????*1	18	836	9487	9488	3	1	1	0	9496	1	0	0	18	20	0	550	0	4	0	0
450	?????	??10???????????????*1??????*10	18	9487	1239	0	1	10	0	1000	9538	10	9538	12	80	90	0	300	0	1	0	0
451	????	??10??????????????1????*10	18	9487	1240	0	1	10	0	1000	9539	10	9539	12	80	90	0	250	0	1	0	0
452	???	?????????????*40	8	807	0	0	40	0	0	0	9551	1	0	0	12	13	0	60	0	5	0	0
453	???-6?	?????-6??????????*100????-3?*100	4	821	10476	0	100	100	0	0	10479	1	10479	1	70	70	0	500	0	4	0	0
454	???-7?	?????-7??????????*100????-3?*100	8	822	10476	0	100	100	0	0	10480	1	10480	1	150	150	0	600	0	4	0	0
455	???-8?	?????-8??????????*100????-3?*100????*1	12	823	10476	2027	100	100	1	0	10481	1	10481	1	230	230	0	700	0	4	0	0
456	???-9?	?????-9??????????*100????-3?*100?????*1	16	824	10476	2036	100	100	1	0	10482	1	10482	1	320	320	0	800	0	4	0	0
457	???-4?	?????-4??????????*25????-3?*25	1	821	10476	0	25	25	0	0	10477	1	10477	1	20	20	0	300	0	4	0	0
458	???-5?	?????-5??????????*80????-3?*80	1	821	10476	0	80	80	0	0	10478	1	10478	1	20	20	0	400	0	4	0	0
459	???-10?	?????-10??????????*1????-9?*10	18	842	10482	0	1	10	0	0	10483	1	10483	1	350	350	0	800	0	4	842	0
460	??????	??????????????????*1???????*1	2	841	10366	0	1	1	0	0	10369	1	10369	1	2	2	0	20	0	5	841	0
461	?????	?????????????????*1???????*2	4	841	10369	0	1	2	0	0	10368	1	10368	1	5	5	0	50	0	5	841	0
462	?????	?????????????????*3???????*1	6	841	10370	0	3	1	0	0	10367	1	10367	1	10	10	0	100	0	5	841	0
463	??????	???????????????????*3??????*2	8	841	10367	0	3	2	0	0	10371	1	10371	1	20	20	0	200	0	5	841	0
464	??????	??????????????????*40???????*5	12	841	10372	0	40	5	0	0	10373	1	10373	1	50	50	0	400	0	5	841	0
465	??????	??????????????????*60???????*4	14	841	10373	0	60	4	0	0	10374	1	10374	1	100	100	0	600	0	5	841	0
466	??????	??????????????????*80???????*4	16	841	10374	0	80	4	0	0	10375	1	10375	1	200	200	0	800	0	5	841	0
467	????	??????????????*2???*2????*1	0	678	679	677	2	2	1	1400	10500	1	10499	1	1	1	0	1000	1	0	677	1
468	?????	??5????????????????*2????*1	5	9487	171	0	2	1	0	100	11132	5	11132	6	4	13	50	40	0	5	0	0
469	?????	??????????????????*1???*3??????*3???????????	0	7501	11507	0	3	3	0	1000	11623	1	11628	1	1	1	0	2500	1	0	11507	0
470	?????	??????????????????*1???*3??????*3???????????	0	7501	11507	0	3	3	0	1000	11624	1	11632	1	1	1	0	2500	1	0	11507	0
471	?????	??????????????????*1???*3??????*3???????????	0	7501	11507	0	3	3	0	1000	11625	1	11637	1	1	1	0	2500	1	0	11507	0
472	?????	??????????????????*1???*3??????*3???????????	0	7501	11507	0	3	3	0	1000	11626	1	11641	1	1	1	0	2500	1	0	11507	0
473	?????	??????????????????*1???*3??????*3???????????	0	7501	11507	0	3	3	0	1000	11627	1	11635	1	1	1	0	2500	1	0	11507	0
474	?????	??????????????????*1?????*3??????*9???????????	0	7502	11507	0	3	9	0	1300	11628	1	11629	1	1	1	0	7500	1	0	11507	0
475	?????	??????????????????*1?????*8??????*28	0	7502	11507	0	8	28	0	0	11629	1	0	1	1	1	0	23330	1	0	11507	0
476	?????	??????????????????*1?????*8??????*28	0	7502	11507	0	8	28	0	0	11630	1	0	1	1	1	0	23330	1	0	11507	0
477	?????	??????????????????*1?????*8??????*28	0	7502	11507	0	8	28	0	0	11631	1	0	1	1	1	0	23330	1	0	11507	0
478	?????	??????????????????*1?????*3??????*9?????????·???	0	7502	11507	0	3	9	0	1300	11632	1	11633	1	1	1	0	7500	1	0	11507	0
479	???·???	?????·??????????????*1?????*8??????*28	0	7502	11507	0	8	28	0	0	11633	1	0	1	1	1	0	23330	1	0	11507	0
480	?????	??????????????????*1?????*8??????*28	0	7502	11507	0	8	28	0	0	11634	1	0	1	1	1	0	23330	1	0	11507	0
481	?????	??????????????????*1?????*3??????*9?????????·???	0	7502	11507	0	3	9	0	1300	11635	1	11636	1	1	1	0	7500	1	0	11507	0
482	???·???	?????·??????????????*1?????*8??????*28	0	7502	11507	0	8	28	0	0	11636	1	0	1	1	1	0	23330	1	0	11507	0
483	?????	??????????????????*1?????*3??????*9?????????·???	0	7502	11507	0	3	9	0	1300	11637	1	11638	1	1	1	0	7500	1	0	11507	0
484	???·???	?????·??????????????*1?????*8??????*28	0	7502	11507	0	8	28	0	0	11638	1	0	1	1	1	0	23330	1	0	11507	0
485	?????	??????????????????*1?????*8??????*28	0	7502	11507	0	8	28	0	0	11639	1	0	1	1	1	0	23330	1	0	11507	0
486	?????	??????????????????*1???*3??????*3???????????	0	7501	11507	0	3	3	0	1000	11640	1	11642	1	1	1	0	2500	1	0	11507	0
487	?????	??????????????????*1?????*3??????*9???????????	0	7502	11507	0	3	9	0	1300	11641	1	11643	1	1	1	0	7500	1	0	11507	0
488	?????	??????????????????*1?????*3??????*9???????????	0	7502	11507	0	3	9	0	1300	11642	1	11644	1	1	1	0	7500	1	0	11507	0
489	?????	??????????????????*1?????*8??????*28	0	7502	11507	0	8	28	0	0	11643	1	0	1	1	1	0	23330	1	0	11507	0
490	?????	??????????????????*1?????*8??????*28	0	7502	11507	0	8	28	0	0	11644	1	0	1	1	1	0	23330	1	0	11507	0
491	?????	??????????????????*1???*3??????*3???????????	0	7501	11507	0	3	3	0	1000	11645	1	11647	1	1	1	0	2500	1	0	11507	0
492	?????	??????????????????*1?????*3??????*9???????????	0	7502	11507	0	3	9	0	1300	11646	1	11648	1	1	1	0	7500	1	0	11507	0
493	?????	??????????????????*1???*3??????*3???????????	0	7501	11507	0	3	3	0	1000	11647	1	11646	1	1	1	0	2500	1	0	11507	0
494	?????	??????????????????*1?????*8??????*28	0	7502	11507	0	8	28	0	0	11648	1	0	1	1	1	0	23330	1	0	11507	0
495	?????	??????????????????*1?????*8??????*28	0	7502	11507	0	8	28	0	0	11649	1	0	1	1	1	0	23330	1	0	11507	0
496	?????	??????????????????*1???*3??????*3???????????	0	7501	11507	0	3	3	0	1000	11650	1	11647	1	1	1	0	2500	1	0	11507	0
497	?????	??????????????????*1?????*3??????*9???????????	0	7502	11507	0	3	9	0	1300	11651	1	11649	1	1	1	0	7500	1	0	11507	0
498	?????	??????????????????*1?????*8??????*28	0	7502	11507	0	8	28	0	0	11652	1	0	1	1	1	0	23330	1	0	11507	0
499	????	?????????????????*1?????*8??????*28	0	7502	11507	0	8	28	0	0	11653	1	0	1	1	1	0	23330	1	0	11507	0
500	????	?????????????????*1?????*8??????*28	0	7502	11507	0	8	28	0	0	11654	1	0	1	1	1	0	23330	1	0	11507	0
501	????	?????????????????*1?????*8??????*28	0	7502	11507	0	8	28	0	0	11655	1	0	1	1	1	0	23330	1	0	11507	0
502	???	?????????????*5????*30	10	827	820	0	5	30	0	0	13154	1	0	0	6	7	0	70	0	3	0	0
503	???	?????????????*45?????*60	8	813	818	0	45	60	0	0	13153	1	0	0	5	6	0	40	0	2	0	0
504	???	?????????????*1????*1????*1	8	13153	13154	13155	1	1	1	0	13152	1	0	0	12	13	0	40	0	4	0	0
505	???????	?????????????????*3????*1????*1	18	836	13151	13152	3	1	1	0	13163	1	0	0	18	20	0	600	0	4	0	0
506	?????	??10??????????????*1??????*10	18	13151	1239	0	1	10	0	1000	13157	10	13157	12	80	90	0	350	0	1	0	0
507	?????	??10??????????????*1????*10	18	13151	1240	0	1	10	0	1000	13158	10	13158	12	80	90	0	270	0	1	0	0
508	???	?????????????*50	8	807	0	0	50	0	0	0	13155	1	0	0	12	13	0	70	0	5	0	0
509	????	????????????????*10	10	5489	0	0	10	0	0	0	14024	1	0	0	10	1	0	200	0	1	0	0
510	????????	??20?????????????????*20????*20???*20	15	1932	810	1811	20	20	20	1000	1809	20	1819	20	60	61	0	500	0	2	0	0
511	????	??????????????*2????*2????*1	10	11480	11481	11482	2	2	1	0	11533	1	0	0	20	1	0	300	0	1	0	0
512	???	?????????????*6????*35	10	827	820	0	6	35	0	0	16009	1	0	0	6	7	0	90	0	3	0	0
513	?????	???????????????*55?????*70	8	813	818	0	55	70	0	0	16008	1	0	0	5	6	0	50	0	2	0	0
514	???	???????????????*1????*1????*1	8	16008	16009	16010	1	1	1	0	16007	1	0	0	12	13	0	50	0	4	0	0
515	???????	?????????????????*4?????*1????*1	18	836	16006	16007	4	1	1	0	16018	1	0	0	18	20	0	650	0	4	0	0
516	?????	??10???????????????*1??????*10	18	16006	1239	0	1	10	0	1000	16012	10	16012	12	80	90	0	400	0	1	0	0
517	?????	??10???????????????*1????*10	18	16006	1240	0	1	10	0	1000	16013	10	16013	12	80	90	0	300	0	1	0	0
518	???	?????????????*60	8	807	0	0	60	0	0	0	16010	1	0	0	12	13	0	80	0	5	0	0
519	?????	???????????????*5???*5????*5	10	829	830	831	5	5	5	100	16989	1	16989	2	15	16	50	30	0	5	0	0
520	???????	?????????????????*5???*5????*1	10	832	833	171	5	5	1	100	16990	1	16990	2	15	16	50	40	0	5	0	0
521	????	???????????????*2????*4???*10	12	836	842	1811	2	4	10	0	1842	1	0	0	50	0	0	500	0	3	842	0
522	???	???????????????*1???*7	12	2745	840	0	1	7	0	0	1843	1	0	0	50	0	0	500	0	3	840	0
523	??????	??????????????????*4????*4???*10	15	1842	842	1811	4	4	10	0	1844	1	0	0	80	0	0	800	0	3	842	0
524	?????	????????????????*4???*10	15	1843	840	0	4	10	0	0	1845	1	0	0	80	0	0	800	0	3	840	0
525	????	???????????????*1????*4	12	1924	842	0	1	4	0	0	1846	1	0	0	50	0	0	500	0	3	842	0
526	??????	??????????????????*4????*4	15	1846	842	0	4	4	0	0	1847	1	0	0	80	0	0	800	0	3	842	0
527	???	??????????????*6????*10	12	1838	1813	0	6	10	0	0	1848	1	0	0	50	0	0	500	0	3	1838	0
528	?????	????????????????*2????*2	15	1848	1839	0	2	2	0	0	1849	1	0	0	80	0	0	800	0	3	1839	0
529	???	??????????????*2????*3????*3	12	4640	842	1838	2	3	3	0	1850	1	0	0	50	0	0	500	0	3	842	0
530	?????	????????????????*2????*2	15	1839	1850	0	2	2	0	0	1851	1	0	0	80	0	0	800	0	3	1839	0
531	????	???????????????*2???*6????*3	12	4640	840	1838	2	6	3	0	1852	1	0	0	50	0	0	500	0	3	840	0
532	??????	??????????????????*2????*2	15	1839	1852	0	2	2	0	0	1853	1	0	0	80	0	0	800	0	3	1839	0
533	???	??????????????*2????*6	12	1838	4640	0	6	2	0	0	1854	1	0	0	50	0	0	500	0	3	1838	0
534	?????	????????????????*3????*4	15	1839	1854	0	4	3	0	0	1855	1	0	0	80	0	0	800	0	3	1839	0
535	???·?	?????·??????????*30????*4	15	1838	13112	0	30	4	0	0	1856	1	0	0	80	0	0	800	0	3	1838	0
536	?????·?	???????·??????????·?*3????*4	18	1839	1856	0	4	3	0	0	1857	1	0	0	100	0	0	1000	0	3	1839	0
537	???·?	?????·??????????*30????*4	15	1838	13112	0	30	4	0	0	1858	1	0	0	80	0	0	800	0	3	1838	0
538	?????·?	???????·??????????·?*3????*4	18	1839	1858	0	4	3	0	0	1859	1	0	0	100	0	0	1000	0	3	1839	0
539	????	????????????????*1???*16?????*1	12	1914	840	2742	1	16	1	0	1860	1	0	0	50	0	0	500	0	3	840	0
540	??????	??????????????????*2????*3	15	1839	1860	0	3	2	0	0	1861	1	0	0	80	0	0	800	0	3	1839	0
541	???	???????????????*1????*8?????*1	12	2746	2747	842	1	1	8	0	1862	1	0	0	50	0	0	500	0	3	842	0
542	?????	????????????????*2????*3	15	1839	1862	0	3	2	0	0	1863	1	0	0	80	0	0	800	0	3	1839	0
543	???-4?	?????-4??????????*25????-3?*25	1	821	18027	0	25	25	0	0	18028	1	18028	1	20	20	0	300	0	4	0	0
544	???-5?	?????-5??????????*80????-3?*80	1	821	18027	0	80	80	0	0	18029	1	18029	1	20	20	0	400	0	4	0	0
545	???-6?	?????-6??????????*100????-3?*100	4	821	18027	0	100	100	0	0	18030	1	18030	1	70	70	0	500	0	4	0	0
546	???-7?	?????-7??????????*100????-3?*100	8	822	18027	0	100	100	0	0	18031	1	18031	1	150	150	0	600	0	4	0	0
547	???-8?	?????-8??????????*100????-3?*100????*1	12	823	18027	2027	100	100	1	0	18032	1	18032	1	230	230	0	700	0	4	0	0
548	???-9?	?????-9??????????*100????-3?*100?????*1	16	824	18027	2036	100	100	1	0	18033	1	18033	1	320	320	0	800	0	4	0	0
549	???-10?	?????-10??????????*1????-9?*10	18	842	18033	0	1	10	0	0	18034	1	18034	1	350	350	0	800	0	4	842	0
550	??????	??????????????????*1???????*1	2	841	18003	0	1	1	0	0	18004	1	18004	1	2	2	0	20	0	5	841	0
551	??????	??????????????????*1???????*2	4	841	18004	0	1	2	0	0	18005	1	18005	1	5	5	0	50	0	5	841	0
552	??????	??????????????????*3???????*2	6	841	18005	0	3	2	0	0	18006	1	18006	1	20	20	0	200	0	5	841	0
553	?????	??????????????????*3???????*2	8	841	18006	0	3	2	0	0	18017	1	18017	1	20	20	0	200	0	5	841	0
554	??????	??????????????????*40??????*5	12	841	18017	0	40	5	0	0	18007	1	18007	1	50	50	0	400	0	5	841	0
555	??????	??????????????????*60???????*5	12	841	18007	0	60	5	0	0	18018	1	18018	1	50	50	0	400	0	5	841	0
556	??????	??????????????????*60?????*4	14	841	18018	0	60	4	0	0	18008	1	18008	1	100	100	0	600	0	5	841	0
557	??????	??????????????????*80???????*4	16	841	18008	0	80	4	0	0	18009	1	18009	1	200	200	0	800	0	5	841	0
558	?????	??????????????????*1???*3??????*3???????????	0	7501	11507	0	3	3	0	1000	11664	1	11665	1	1	1	0	2500	1	0	11507	0
559	?????	??????????????????*1?????*3??????*9?????????·?	0	7502	11507	0	3	9	0	1300	11665	1	11666	1	1	1	0	7500	1	0	11507	0
560	???·???	?????·??????????????*1?????*8??????*28	0	7502	11507	0	8	28	0	0	11666	1	0	1	1	1	0	23330	1	0	11507	0
561	?????	??????????????????*1?????*8??????*28	0	7502	11507	0	8	28	0	0	11667	1	0	1	1	1	0	23330	1	0	11507	0
562	?????	??????????????????*1?????*8??????*28	0	7502	11507	0	8	28	0	0	11668	1	0	1	1	1	0	23330	1	0	11507	0
